158420
1714556140
583084147
583071066
50521507
78730361
2562911798
583059902
6641248
1130842735
583122888
583070245
548609193
583084229
47528849
454100321
9498330
52462617
59810063
583456500
583059335
583404809
806492118
583163092
120085786
2316742584
583122738
644156031
773635155
583457746
1690345
577734356
81086173
64241327
2443691
51816360
582893661
548559795
56146
98175
294735
65719849
63829869
78656961
549083785
119958014
66331368
71751801
549084145
63621445
526769001
83940
74573621
582831874
1228956824
583081698
583062350
80472053
3468774
437046803
69398722
583068420
60242256
81296672
64374486
61041976
809631996
71849461
59567909
78500143
548567142
582857400
276986087
273235279
463344085
549218781
68587364
583057762
1622367879
548566624
574298784
583056787
583592433
77221265
284426041
1257679358
582828422
936186020
583880280
6990508
80896035
583071236
76564854
60559607
422509632
461470847
548569814
583150226
670575178
49857738
78574058
78503863
1120333898
401813662
583463706
583070838
48906734
73697043
548557801
78772603
50715295
583767968
75956151
583284946
81223953
121905729
920891308
9562942464
863987
43326273
996775151
582835077
68780957
583449482
583708189
46701298
218444848
255378
118537752
583124645
41011762
583062654
80776405
1027589222
521276562
77298417
3163810767
277921942
583453225
317427839
376817917
3393090
50385552
583115638
583072325
77456524
313605810
583723303
59465448
582854456
1434547950
919404
583075983
79588413
583453038
583148806
755348567
583053519
74615027
583451215
3298493
891380
583422621
779150811
583412854
81182664
78673458
59286557
582838495
548581925
69761252
582892940
64036364
583088312
548609288
563144606
583152284
583652563
5296266
73285374
74965013
60153307
78132211
71349019
1203840334
583135422
582832610
49132801
583111790
78772743
583000309
448534
52977194
548558806
548610175
583878215
1107750598
583121885
3216519
122780879
74645030
583622067
58189035
583060500
1099083298
583899625
837615554
583112327
52497824
937039396
582740825
1292636321
81297457
583153999
1990211
75347148
78765700
583456135
542654
120085434
583121697
337812363
66763329
54191356
64664752
116770896
548610890
81302777
100001
582894817
73937292
9093919799
627454141
548610229
51697631
582886440
8232861495
7019765
548553856
583283095
285299436
583592610
64901783
583620067
47596392
583456376
548566712
1337125768
583069308
582857018
583086161
7193590758
548564699
420487202
976033949
548570258
96662
548568988
77777442
583132594
80952503
548565531
664365601
81272903
582830979
583067008
71301009
583140299
51973016
60588020
6359023
583099234
239198440
583081211
61421710
77436605
